     SBD  Toan   Van AnhVan
0      1   8.0   5.0    8.0
1    176   8.0   7.5    4.3
2      2   6.5   7.0    5.0
3    188   9.0   4.0    7.0
4      4   5.0   8.5    5.5
5      5   6.5   6.0    6.0
6      6  10.0   9.0    9.0
7      7   7.0  10.0    6.5
8      8  10.0   8.0    9.0
9      9  10.0   8.5   10.0
10    10   4.5   4.0    4.0
11    11   8.0  10.0    7.0
12    12   5.0   6.5    5.5
13    13   9.0   6.0    8.0
14    14   6.0   5.5    8.0
15    15   8.0   6.5    7.5
16    16   4.0   6.0    5.0
17    17   5.0   6.5    4.0
18    18   4.0   6.5    6.0
19    19   4.0   6.0    6.0
20    20   5.0   7.0    7.0
21    21  10.0   8.0    9.0
22    22   5.0   8.0    5.0
23    23   8.0   6.0    7.0
24    24   7.0   5.0    7.0
25    25   5.0   6.0    6.0
26    26  10.0   8.5    9.0
27    27   8.0   6.0    9.0
28    28   6.0   8.0    4.0
29    29   6.0   5.0    6.0
30    30   6.0   6.5    6.0
31    31   7.0   5.5    5.0
32    32   6.0   6.0    4.5
33    33   6.5   6.5    6.0
34    34   5.0   8.0    5.0
35    35  10.0   8.0    9.0
36    36   6.0   6.0    6.5
37    37   7.0   5.0    5.5
38    38   6.5   5.5    5.0
39    39   8.0   6.0    8.0
40    40   4.0   4.0    4.0
41    41   5.0   7.0    7.0
42    42   5.5   6.5    8.0
43    43   9.0   7.0   10.0
44    44   6.0   6.0    9.0
45    45   8.0   5.0    7.0
46    46   5.5   5.0    4.0
47    47   9.5   8.0   10.0
48    48  10.0   8.0   10.0
49    49   6.0   7.0    5.5
50    50  10.0   8.5    9.5
51    51   8.0   6.0    9.0
52    52   4.5   5.5    5.0
53    53   9.0   8.5   10.0
54    54   6.5   6.5    4.0
55    55   7.5   4.5    6.0
56    56   7.0   5.5    8.0
57    57   9.0   6.0    6.5
58    58   4.0   5.5    4.0
59    59  10.0   8.5    9.0
60    60   5.5   6.0    5.5
61    61   5.0   5.0    6.0
62    62   6.5   4.0    5.5
63    63  10.0   6.0    7.0
64    64   6.0   5.0    6.0
65    65   4.0   6.0    4.5
66    66   7.0   5.0    3.0
67    67  10.0   9.0   10.0
68    68   8.0   4.0    5.0
69    69   9.0   8.0    8.0
70    70   5.5   5.5    7.5
71    71   5.0   9.0    7.0
72    72   6.5   5.0    8.0
73    73   6.0   7.5    8.0
74    74  10.0   6.0    8.0
75    75   8.5   6.5    6.0
76    76   8.0   7.0    8.5
77    77   8.0   7.5    9.0
78    78   4.5   6.5    4.0
79    79  10.0   9.0   10.0
80    80   3.5   4.0    5.5
81    81   6.0   6.5    4.5
82    82   8.0   6.0    4.0
83    83   5.0   8.5    5.0
84    84  10.0   7.0    9.0
85    85   7.0   7.0   10.0
86    86   5.5   6.5    6.5
87    87   8.0   4.5    8.0
88    88   5.0   5.5    6.0
89    89   4.5   6.0    5.0
90    90   4.5   6.5    4.5
91    91   6.0   5.0    6.5
92    92   6.0   5.5    6.5
93    93   4.0   5.0    4.0
94    94   6.0   4.5    3.0
95    95   5.0   5.5    6.0
96    96   6.0   6.5    5.5
97    97   8.0   6.0    7.0
98    98   7.0   6.0    6.0
99    99   8.0   7.0    7.0
100  100   6.5   5.0    3.0
101  101   7.0   7.0    8.5
102  102   7.0   6.5    6.0
103  103   6.5   4.0    4.0
104  104   6.5   7.0    6.5
105  105   4.0   6.5    3.5
106  106   5.0   6.0    6.0
107  107   5.4   5.7    4.9
108  108   5.0   5.0    4.5
109  109   7.0   7.0    8.0
110  110   5.0   6.8    5.2
111  111   8.0   7.0    8.0
112  112   5.5   5.5    7.5
113  113   6.0   3.0    5.0
114  114  10.0  10.0   10.0
115  115   5.5   7.0    5.5
116  116   7.5   7.0   10.0
117  117  10.0   9.0    9.5
118  118   4.0   4.0    4.5
119  119   4.5   5.5    6.5
120  120   5.0   6.0    6.0
121  121  10.0   8.5    9.0
122  122   6.5   6.5    6.0
123  123   4.0   7.5    5.5
124  124   5.5   5.0    5.0
125  125   9.0   7.0    8.0
126  126   4.5   6.5    4.5
127  127   5.5   4.0    5.5
128  128   7.0   4.0    8.0
129  129   8.0   5.0    5.5
130  130   5.0   5.0    5.0
131  131   4.0   4.0    5.5
132  132   4.5   4.5    6.5
133  133   9.0   8.0    7.5
134  134  10.0   8.0    9.0
135  135  10.0   8.5    9.0
136  136   6.0   4.0    5.0
137  137   5.0   6.0    5.5
138  138   6.0   5.5    6.5
139  139   6.5   9.0    6.5
140  140   6.5   5.5    6.5
141  141   9.0   7.0    8.0
142  142   6.0   7.0    5.0
143  143   3.5   5.5    6.0
144  144   9.0   6.0    8.0
145  145   3.0   5.0    4.0
146  146   5.0   6.5    6.5
147  147  10.0   8.0   10.0
148  148   9.5   8.5    9.0
149  149   9.0   8.5   10.0
150  150   8.0   9.0    6.0
151  151   5.0   5.0    6.0
152  152  10.0   7.0    7.0
153  153   7.5   6.0    8.0
154  154   4.0   5.5    7.0
155  155   7.0   5.5    3.5
156  156   4.0   7.5    5.0
